successful

ans =

    33


A =

     0     0     0     0     0     4
     0     0     0     0     0     4
     0     0     0     0     0     4
     0     0     0     0     0     2
     0     0     0     0     0     4
     0     0     0     0     0     0


ans =

    35


A =

     0     0     0     0     0     4
     0     0     0     0     0     4
     0     0     0     0     0     4
     0     0     0     0     0     2
     0     0     0     0     0     3
     0     0     0     0     0     0


ans =

    33


A =

     0     0     0     0     0     4
     0     0     0     0     0     4
     0     0     0     0     0     3
     0     0     0     0     0     2
     0     0     0     0     0     3
     0     0     0     0     0     0


ans =

    31


A =

     0     0     0     0     0     3
     0     0     0     0     0     4
     0     0     0     0     0     3
     0     0     0     0     0     2
     0     0     0     0     0     3
     0     0     0     0     0     0


ans =

    31


A =

     0     0     0     0     0     2
     0     0     0     0     0     4
     0     0     0     0     0     3
     0     0     0     0     0     2
     0     0     0     0     0     3
     0     0     0     0     0     0


ans =

    31


A =

     0     0     0     0     0     1
     0     0     0     0     0     4
     0     0     0     0     0     3
     0     0     0     0     0     2
     0     0     0     0     0     3
     0     0     0     0     0     0


ans =

    31


A =

     0     0     0     0     0     0
     0     0     0     0     0     4
     0     0     0     0     0     3
     0     0     0     0     0     2
     0     0     0     0     0     3
     0     0     0     0     0     0


ans =

     1


A =

     4     0     0     0     0     0
     0     0     0     0     0     4
     0     0     0     0     0     3
     0     0     0     0     0     2
     0     0     0     0     0     3
     0     0     0     0     0     0


ans =

     1


A =

     3     0     0     0     0     0
     0     0     0     0     0     4
     0     0     0     0     0     3
     0     0     0     0     0     2
     0     0     0     0     0     3
     0     0     0     0     0     0


ans =

     1


A =

     2     0     0     0     0     0
     0     0     0     0     0     4
     0     0     0     0     0     3
     0     0     0     0     0     2
     0     0     0     0     0     3
     0     0     0     0     0     0


ans =

     1


A =

     1     0     0     0     0     0
     0     0     0     0     0     4
     0     0     0     0     0     3
     0     0     0     0     0     2
     0     0     0     0     0     3
     0     0     0     0     0     0


ans =

     1


A =

     0     0     0     0     0     0
     0     0     0     0     0     4
     0     0     0     0     0     3
     0     0     0     0     0     2
     0     0     0     0     0     3
     0     0     0     0     0     0


ans =

    18


A =

     0     0     0     0     0     0
     0     0     0     4     2     3
     0     0     0     0     0     3
     0     0     0     0     4     1
     0     0     3     4     4     1
     0     0     4     4     2     0


ans =

    16


A =

     0     0     0     0     0     0
     0     0     0     3     2     3
     0     0     0     0     0     3
     0     0     4     4     3     1
     0     0     2     3     4     1
     0     0     4     4     2     0


ans =

    11


A =

     0     0     0     0     0     0
     0     0     0     3     2     3
     0     0     0     0     0     3
     0     0     4     4     3     1
     0     4     1     3     4     1
     0     4     3     4     2     0


ans =

     6


A =

     0     0     0     0     0     0
     0     0     0     3     2     3
     0     0     0     0     0     3
     0     0     4     4     3     1
     0     4     1     3     4     1
     4     3     3     4     2     0


ans =

    13


A =

     0     0     4     0     0     0
     0     0     4     2     2     3
     0     0     4     0     0     2
     0     0     3     4     3     1
     0     4     1     3     4     1
     4     3     3     4     2     0


ans =

     6


A =

     0     0     4     0     0     0
     0     0     4     2     2     3
     0     0     4     0     0     2
     0     0     3     4     3     1
     0     4     1     3     4     1
     3     3     3     4     2     0


ans =

     6


A =

     0     0     4     0     0     0
     0     0     4     2     2     3
     0     0     4     0     0     2
     0     0     3     4     3     1
     0     4     1     3     4     1
     2     3     3     4     2     0


ans =

     3


A =

     0     0     4     0     0     0
     0     0     4     2     2     3
     4     0     3     0     0     2
     0     0     3     4     3     1
     4     3     1     3     4     1
     1     3     3     4     2     0


ans =

     8


A =

     4     3     2     0     0     0
     0     4     3     2     2     3
     2     4     2     0     0     2
     0     3     2     4     3     1
     4     2     1     3     4     1
     1     3     3     4     2     0


ans =

     1


A =

     3     3     2     0     0     0
     0     4     3     2     2     3
     2     4     2     0     0     2
     0     3     2     4     3     1
     4     2     1     3     4     1
     1     3     3     4     2     0


ans =

     1


A =

     2     3     2     0     0     0
     0     4     3     2     2     3
     2     4     2     0     0     2
     0     3     2     4     3     1
     4     2     1     3     4     1
     1     3     3     4     2     0


ans =

     1


A =

     1     3     2     0     0     0
     0     4     3     2     2     3
     2     4     2     0     0     2
     0     3     2     4     3     1
     4     2     1     3     4     1
     1     3     3     4     2     0


ans =

     1


A =

     0     3     2     0     0     0
     0     4     3     2     2     3
     2     4     2     0     0     2
     0     3     2     4     3     1
     4     2     1     3     4     1
     1     3     3     4     2     0


ans =

     1


A =

     4     2     2     0     0     0
     4     3     3     2     2     3
     1     4     2     0     0     2
     0     3     2     4     3     1
     4     2     1     3     4     1
     1     3     3     4     2     0


ans =

     1


A =

     3     2     2     0     0     0
     4     3     3     2     2     3
     1     4     2     0     0     2
     0     3     2     4     3     1
     4     2     1     3     4     1
     1     3     3     4     2     0


ans =

     1


A =

     2     2     2     0     0     0
     4     3     3     2     2     3
     1     4     2     0     0     2
     0     3     2     4     3     1
     4     2     1     3     4     1
     1     3     3     4     2     0


ans =

     1


A =

     1     2     2     0     0     0
     4     3     3     2     2     3
     1     4     2     0     0     2
     0     3     2     4     3     1
     4     2     1     3     4     1
     1     3     3     4     2     0


ans =

     1


A =

     0     2     2     0     0     0
     4     3     3     2     2     3
     1     4     2     0     0     2
     0     3     2     4     3     1
     4     2     1     3     4     1
     1     3     3     4     2     0


ans =

     1


A =

     4     1     2     0     0     0
     3     3     3     2     2     3
     1     4     2     0     0     2
     0     3     2     4     3     1
     4     2     1     3     4     1
     1     3     3     4     2     0
	 
如何阅读：
由于是递归，所以需要从下倒上阅读矩阵的变化
ans是下面的矩阵第几个元素加一
ans上面的矩阵是加一后（爆破后）的结果
从下至上阅读
阅读至ans=18时，不放心的自己验算一下吧
我的验算结果是对的
以上的答案是基于矩阵
A=[ 4 1 2 0 0 0;
	3 3 3 2 2 3;
	1 4 2 0 0 2;
	0 3 2 4 3 1;
	4 2 1 3 4 1;
	1 3 3 4 2 0];
算出的第一个ok的结果